x, y, z, colors, sizes 
0.26713626394008594,0.07773392001314416,0.8447003579442566,0.6565188537756578,0.817983592537803
0.6212081813377147,0.802204326598537,0.7698600741382259,0.7809192627409158,0.15107036300866405
0.28100523472141736,0.7673350556156954,0.9793241403517934,0.24756085269674966,0.7360001241150499
0.511920403149884,0.7938637488370485,0.6419863091748458,0.7932866858324945,0.9749525123953077
0.9090611831805481,0.9342719826170316,0.6264239685660091,0.8973726704244642,0.6347469126498132
0.8217963857090815,0.11473207247996953,0.4672750179716515,0.963409154384359,0.18140172029044577
0.19565635998428732,0.12576160932569302,0.022328838791276118,0.8903117857195183,0.584913180662483
0.3512472209336588,0.23841337345765667,0.12465729319583185,0.9985273721761437,0.550556430906513
0.3549878823042476,0.5033218590147096,0.15154938046640132,0.3435929198253721,0.6621951304265932
0.6242446289913786,0.22939620394185722,0.28576522958344175,0.8419349563939363,0.7093269763729807
0.4119379984395738,0.9127485276801303,0.039780491855893496,0.6802486269806508,0.8693918462719402
0.5794463131458103,0.8231493010671946,0.44454626649866624,0.18168521488229528,0.8895764881294138
0.6227863762465813,0.1415230625873365,0.4904519418275648,0.24677425821605925,0.7405014293705274
0.45143235747860466,0.920892342599779,0.25267345540918085,0.295618819638226,0.6231197272049415
0.707551772689106,0.742203178465075,0.5322875387103192,0.8478242176778641,0.04839076155947408
0.657549669942519,0.4667300807973622,0.36328129406206333,0.19051428864478814,0.5441272586300333
0.4771155350533719,0.8725091443697539,0.8196555853318975,0.6056050602956763,0.8807436327578274
0.0780619672621361,0.4773347896038086,0.08489132051746984,0.34345814506809746,0.5192904582227182
0.1374690854759686,0.25818832672395053,0.2564648190273444,0.2268154824147458,0.4089492868730954
0.8561599220725619,0.2514341942866407,0.37880118770939764,0.20887097323824122,0.7979210447204014
0.7535204320722535,0.5003441336521219,0.07949810745280972,0.799921546152269,0.7646147216436715
0.8293974618629135,0.2867668505722045,0.3661492101020032,0.5152135533159875,0.9288134792755265
0.17498742665524258,0.0745165232423316,0.6783253811620881,0.600978416403834,0.19762455008188873
0.35245091837603026,0.9761285661752297,0.4095018557948933,0.5363376625878304,0.7909469669005643
0.10797831074135278,0.29935615457685516,0.8626653793835682,0.503753935720915,0.6849821764927305
0.9724319132306369,0.13716512210077259,0.5225488049439893,0.3203816758281052,0.8400847820643667
0.20379318500663346,0.23822438941767932,0.3217297211548149,0.8412043380813545,0.254657711266677
0.0794602517625923,0.09793700958164353,0.6387924625293054,0.6058171670965552,0.3466089907398018
0.5068318171973542,0.9666469049454703,0.47643504611991405,0.14385067826586395,0.7101907528844688
0.9088428570432507,0.9900667866253561,0.098411922182713,0.22691555622601767,0.23068148352399664
0.3465254790230764,0.3777946278536142,0.565182351459523,0.36331316784357004,0.9736951525879082
0.16735498606496924,0.485557482412609,0.2522435022497804,0.3954453191544135,0.581724043370288
0.6564935798051443,0.027624165294499514,0.23435400967040088,0.607679501856461,0.2901719404676979
0.4938117390018082,0.32882864156622327,0.44961230009865893,0.4591615359235782,0.33038880883285504
0.07484831198138175,0.19117361747158812,0.3627257823829647,0.6139407359098578,0.3577166345828158
0.5875605746580826,0.7619709573399069,0.6006170278762591,0.3570297205616617,0.6354600511345593
0.9079608827893351,0.8394870559800118,0.015167743024582236,0.5609228909855091,0.013509118878106463
0.9185020579604158,0.34053091770941857,0.5824075953966904,0.2002988909201271,0.024656168005543044
0.6636855616061103,0.45299094687011743,0.34894817519782184,0.11327745219496943,0.47402554305886535
0.671390204558375,0.13082548928273874,0.6005620672482496,0.7771740529392281,0.9839265360326791
0.47935076054194536,0.8797966244999734,0.061602581108221144,0.4808682847700161,0.9353944188330942
0.859188612522238,0.5696160831848355,0.015160815727592869,0.04030051882373298,0.7642782968704239
0.15404078343661176,0.41186440044821326,0.1474084868076858,0.8504338488248899,0.6086812186613402
0.845436536971245,0.07765440158641601,0.40561423293072885,0.22290870101771432,0.4962322844658533
0.09796332570064414,0.8623173357162018,0.33005872124272606,0.0675027974293737,0.461427673062454
0.20330692724834043,0.041523713408101015,0.2699548369757411,0.031044710099855766,0.8086024422069658
0.5448752033887818,0.9137845819312672,0.02459453470523587,0.19100427266820907,0.7638301516897148
0.4384952860759106,0.5527471808150852,0.7096950615703218,0.901182951679338,0.9055297277754257
0.9375862466011712,0.41244101098289154,0.9377301154295692,0.13951381023850984,0.2436472895823757
0.545210102143575,0.5744983561045871,0.5886184726152512,0.7946340948770305,0.17714733463777266
0.8933341114098576,0.3099432779744399,0.7546964242412244,0.09298820553027232,0.12459158629248612
0.7516270977949575,0.34104142167289975,0.68075530815134,0.4800653581592135,0.8684231584003789
0.6121727995164178,0.674808196991747,0.6434519997934107,0.2349684424314442,0.4082469951806632
0.717166328661936,0.9342526780251316,0.5299964987229487,0.7578112827965742,0.1462854726253302
0.32236980403978366,0.6287377570927313,0.43742268163726394,0.9556253946134068,0.7743115089246404
0.3098382212161527,0.6950443486790148,0.43301562457645126,0.47218451760055147,0.3538955291935345
0.9897439522953899,0.39956930045152883,0.12704741490050675,0.5253406735906061,0.2879020258323963
0.9751440831066457,0.5247941972283221,0.8905069018160565,0.18896842904187694,0.8467629331786116
0.8370427213754214,0.3810435164150904,0.02095807308279174,0.1877291726328556,0.18498373932578926
0.7759366651838077,0.9654847546853393,0.6041099951330279,0.06623899387547905,0.2514670614520642
0.8712820553535319,0.37691050074549637,0.31916319257990833,0.38382974255140323,0.6496334877261835
0.6385768824114849,0.20033059937245268,0.9298079185831161,0.028354290659284853,0.6403059149957708
0.014890472443959468,0.3879459104974594,0.2218933680491848,0.5238120256004073,0.33583905239236267
0.7650699804267957,0.65810223562863,0.6222349648844208,0.4311632271747634,0.7820721966359797
0.12249298464182701,0.41428248076557095,0.04141395985441865,0.6173543468482219,0.1942694591667684
0.07871353521250635,0.3765624453838159,0.949330313644455,0.7288228059094972,0.44033678468810544
0.8323438045591159,0.7120846756418162,0.522199280373736,0.38008525415815897,0.11617215239723844
0.6136224670731516,0.31468510192905075,0.052227039632248395,0.7894961154531386,0.9481104184577988
0.8683373025189829,0.796593091893749,0.7279507329018328,0.6523512233491675,0.4988483089246125
0.9385764088023949,0.2149606041888189,0.4385755775953941,0.25272144099204263,0.8907401856840139
0.661846206708626,0.23018098517704566,0.7538636717703935,0.8379439373704587,0.15346134035122494
0.36059236931830496,0.1437205853872736,0.8947611001490064,0.5091345395711756,0.4889811471445802
0.19587417364604442,0.16368019263639833,0.7746602901149688,0.9579197097182596,0.958606006228872
0.3488924359093648,0.31956510881642197,0.5031516088004695,0.6610058296502522,0.8127929823129172
0.29605810533547405,0.8368320875491879,0.5659851495022674,0.23651940291812446,0.5682657943644405
0.023809650294552953,0.3178714912737981,0.21896450236767528,0.6646145696223712,0.29286089517031233
0.21610002111129123,0.8563623995957376,0.6041822591373308,0.6895075156459592,0.16663158344334117
0.12345217166976918,0.7395040853868251,0.7005132194861257,0.05464300805694511,0.27188606614674793
0.5584016378135163,0.4580800930805341,0.5150911077416935,0.4774367752601535,0.9692803416380077
0.002531786535874714,0.03246837591332863,0.32372252264925305,0.22232474770623278,0.06328823805091288
0.38371324776462123,0.906427257526758,0.8980361425572679,0.2520214355547644,0.5676450273270216
0.605560148187147,0.17074563449839641,0.4897700158659808,0.4177608679399477,0.8382516185803666
0.5524542204221227,0.5274660567144991,0.8605893065961386,0.4618876603109514,0.697820750170252
0.17522185666546708,0.7214211624632928,0.8630801834540486,0.8027893971399616,0.3738968174026299
0.28359912095241324,0.673822507156864,0.5897139380992318,0.8290291640146995,0.14243592774397384
0.7565384019023178,0.603674053482803,0.13903340705623746,0.8298260534261742,0.8292028738112754
0.3369183927623113,0.37894096830210466,0.3645102237631942,0.9085272276800727,0.3117665156184247
0.32076000872160537,0.2094895214532495,0.1997320089206185,0.4266364446497106,0.9563586156026744
0.1976640673572846,0.91600531996658,0.02915815045915382,0.128880310839401,0.6625492640853254
0.19149123548835967,0.36562076857687853,0.9514758918721418,0.5778482026461081,0.5229580751798985
0.47449393909198456,0.3236495974586405,0.31380372770494414,0.14534857306672488,0.9647148155991992
0.7431731886177089,0.20696440609853373,0.682794489163679,0.9041323154514673,0.693366623307434
0.2868937798719995,0.4690062173378424,0.8811530052710096,0.7753750397994444,0.3089719427343708
0.2062583150676246,0.802960891118376,0.14938214480946788,0.27651079156713765,0.9946563331200082
0.6433652006497894,0.11924548389987677,0.6129809098839194,0.4158375513838969,0.13311722967732764
0.7502847780462094,0.9959589135099435,0.758136891887812,0.9466789011911515,0.4682228214196086
0.2407830631714366,0.5339322153697464,0.7220627689853021,0.7918662469347578,0.8034576250785508
0.2509504338542783,0.4764600684628425,0.17198185396992405,0.19906825082191515,0.6810379535166811
0.3388930584952847,0.23735596620550903,0.9756505994051176,0.5093585228724391,0.2863262411361157
0.502323991232011,0.8422839260188706,0.6559991137454999,0.7273620087405211,0.7127696479684361